0_primarytoI_spread,0_primarytoII_spread,0_primarytoIII_spread,0_primarytoIV_spread,0_primarytoV_spread,0_ItoII_spread,0_IItoIII_spread,0_IIItoIV_spread,0_IVtoV_spread,0_late_p,0_C01_coef,0_C02_coef,0_C03_coef,0_C04_coef,0_C05_coef,0_C06_coef,0_C09_coef,0_C10_coef,0_C12_coef,0_C13_coef,0_C32.0_coef,0_C32.1_coef,0_C32.2_coef,1_primarytoI_spread,1_primarytoII_spread,1_primarytoIII_spread,1_primarytoIV_spread,1_primarytoV_spread,1_ItoII_spread,1_IItoIII_spread,1_IIItoIV_spread,1_IVtoV_spread,1_late_p,1_C01_coef,1_C02_coef,1_C03_coef,1_C04_coef,1_C05_coef,1_C06_coef,1_C09_coef,1_C10_coef,1_C12_coef,1_C13_coef,1_C32.0_coef,1_C32.1_coef,1_C32.2_coef,2_primarytoI_spread,2_primarytoII_spread,2_primarytoIII_spread,2_primarytoIV_spread,2_primarytoV_spread,2_ItoII_spread,2_IItoIII_spread,2_IIItoIV_spread,2_IVtoV_spread,2_late_p,2_C01_coef,2_C02_coef,2_C03_coef,2_C04_coef,2_C05_coef,2_C06_coef,2_C09_coef,2_C10_coef,2_C12_coef,2_C13_coef,2_C32.0_coef,2_C32.1_coef,2_C32.2_coef,3_primarytoI_spread,3_primarytoII_spread,3_primarytoIII_spread,3_primarytoIV_spread,3_primarytoV_spread,3_ItoII_spread,3_IItoIII_spread,3_IIItoIV_spread,3_IVtoV_spread,3_late_p,3_C01_coef,3_C02_coef,3_C03_coef,3_C04_coef,3_C05_coef,3_C06_coef,3_C09_coef,3_C10_coef,3_C12_coef,3_C13_coef,3_C32.0_coef,3_C32.1_coef,3_C32.2_coef
0.0002064036055399,0.0175713364366845,0.0049916654068137,0.000926536644879,6.610696135189607e-05,6.610696135189607e-05,0.1428132646326737,0.0265412967396582,6.610696135189607e-05,0.9999372458761832,0.0,0.1599955418255731,0.0003430036327744,0.1307812781849878,0.0089100014433276,0.2895730896701437,0.0740372033708727,0.1878290816453437,0.1021098825197702,0.1778943782460072,0.9858742004498646,0.4761270578583069,1.0,0.0323164762883355,0.5352989603016167,0.0057053987840664,0.0022164478369987,0.0166499542890177,0.999933893038648,0.1667399871204791,0.2571394693485856,0.3042845081143296,0.3957265769554678,0.7629120540784773,0.2860893619139116,0.0548960989553,0.1584679092093436,0.4460575882291553,0.1378235316426379,0.7076026556550281,0.470343819454781,0.0195340697649563,0.0690300774016507,0.0,0.1201964905560499,0.0,0.0149284684451839,0.3351391089445794,0.2581744557840268,0.0751965234769756,0.0315137868026421,6.610696135189607e-05,6.610696135189607e-05,6.610696135189607e-05,0.0568179830560037,0.3738778798219803,0.2166285574868939,0.0944180993000866,0.0,0.0435850814842003,0.023399842449862,0.0,0.1775545494675418,0.2717651838517317,0.8783560477152733,0.753075544352342,0.0141256718385896,0.4036764515856431,0.0,0.082479141759443,0.0007331374358574,0.0162741682533196,0.0070041609934487,6.610696135189607e-05,0.2206486240209343,0.1317095102102511,0.0093515747403533,6.610696135189607e-05,0.6867190507487642,0.0204593884346287,0.4594969969604285,0.9447608974119256,0.6671657311214683,0.521632567877655,0.5726033786872183,0.0408055915065573,0.0700619150481435,0.0,0.0,1.2771154569363453e-07,0.0,0.0
6.610696135189607e-05,0.016704550034992865,0.00469680009917589,0.0009056133185534854,6.610696135189607e-05,0.01558561270110537,0.1653977952081744,0.01837836241911549,0.00010696331036034353,0.9999371858172339,0.0,0.15489491980633813,0.00026918837265130766,0.1400063526897421,0.007016406668754493,0.3092052750860917,0.06927326984769612,0.15848211218267447,0.10949675941578811,0.18181419020183343,0.9869534656879431,0.47314769281324326,1.0,0.027849892261477712,0.5508383322334303,0.005642797477025476,0.0021087084192987268,0.018025579544340024,0.8453497015086874,0.17076001770399032,0.34403170054016047,0.40020274716525067,0.37398701725375216,0.7611840071353377,0.28213404041423057,0.11679918197096192,0.16484768392478857,0.5756255702907422,0.12300959363794119,0.7141036828412851,0.47914421635656296,0.018693052103855728,0.07073816404697192,0.0,0.11745596088100346,0.0,0.013155617496424845,0.32819206844246857,0.258544981230975,0.071970657552228,0.03291240422832269,6.610696135189607e-05,0.0032633967577716497,0.002892784691019044,0.07236568596462771,0.3788400341074825,0.21789590852153895,0.09828680960211743,0.0,0.030145368532061026,0.028997792325621684,0.0,0.17531342359202856,0.2923867366507542,0.8718101884803562,0.7474476457511947,0.013046450953412626,0.4093963463057533,0.0,0.09896804721783561,0.0011476494912630042,0.013943418908581112,0.005396473217863166,6.610696135189607e-05,0.1763915430098498,0.17303607886572622,0.029837860718439246,6.610696135189607e-05,0.6258895801692655,0.020920084343123327,0.4646842301773139,0.8829316296563868,0.6650005948534083,0.3883602307148816,0.5677851312759672,0.04130962371899025,0.06998693481000838,0.0,0.0,8.335864436651824e-08,0.0,0.0
6.610696135189607e-05,0.016282068635664428,0.004549345852438293,0.0008917388047699614,6.610696135189607e-05,0.05764580138497969,0.1771347358822613,0.015101929415053086,0.00013973693788449303,0.999937023334925,0.0,0.153841115889769,0.0001902728572591091,0.15098961646393236,0.006429865269040982,0.33157090547683826,0.06605649990302077,0.14135809412103664,0.11399140090542467,0.1821238119344501,0.9873766956497304,0.4673280129212863,1.0,0.02745759617514508,0.5504757515637323,0.004991446668673856,0.0020414745425967593,0.017987548730430764,0.9999999974556483,0.17273939860955148,0.37743051648740117,0.4231038709207541,0.3650001459640757,0.7600501793771747,0.276458036845852,0.1305665383085019,0.17096289797646838,0.6127569319766901,0.11534938969823517,0.7194935147795202,0.4808242907687697,0.018278063754993048,0.07322653618649648,0.0,0.11834586675857282,0.0,0.013155617496424845,0.3247525455062241,0.2578654851796884,0.06971380686607745,0.03240298651776468,6.610696135189607e-05,0.0016974199438662054,0.0010393342060048725,0.06885531906930684,0.3845161690552406,0.21948460479006787,0.10511588933647263,0.0,0.022067212587915906,0.030899800018993707,0.0,0.17214448503581353,0.30647033957678016,0.8677305353395823,0.7446496518790534,0.012623252781345138,0.41432612032014093,0.0,0.10226428869854089,0.0012584050821573562,0.01292469596697199,0.005068918498288057,6.610696135189607e-05,0.17487530479569213,0.19804440790877445,0.04019114417898425,6.610696135189607e-05,0.6276407076192939,0.02046521583275741,0.46458495792790633,0.869243188834239,0.6559802729716834,0.34991340273527516,0.5530797048249266,0.04230550028164553,0.07134727553341351,0.0,0.0,5.1568924483852965e-08,0.0,0.0
6.610696135189607e-05,0.015976933876008906,0.0044802456512799595,0.0009080437700179264,6.610696135189607e-05,0.1320143027449799,0.18247754581152026,0.013602107384493467,0.00017307027171223956,0.99993683370129,0.0,0.1535883868510923,0.00013468001656060893,0.16234207089438335,0.006199724031776479,0.35326138450786765,0.06300448540201344,0.12993887084566957,0.11671734017355813,0.1811988621573637,0.9874351198298604,0.46222987095948465,1.0,0.027195450530450832,0.5478577108233187,0.004152870435600121,0.0020222638311832974,0.017980230045108816,0.9999338930386481,0.1747559027977199,0.4023815032929274,0.43564438579801307,0.3587945710711309,0.7585451895934874,0.2708494438311563,0.1337751599530402,0.17524194941274504,0.6267864687926196,0.1104950363660664,0.7234532201900787,0.4795096042946405,0.017974738647731414,0.07563734337394809,0.0,0.11982405226176716,0.0,0.013105126109518268,0.3214141128677627,0.2561557228281061,0.06878807244374106,0.0320248456506503,6.610696135189607e-05,6.61069613518959e-05,6.6106961351896e-05,0.06622277266314017,0.38999945896591653,0.22201989595549262,0.112672376048304,0.0,0.01675366285101931,0.03254705940503166,0.0,0.1700548093850812,0.31748305313467506,0.8653079211787105,0.7431637944686882,0.012564848839195755,0.41794607677874823,0.0,0.10397069887297958,0.0012836435685291859,0.012376626947026405,0.0049248322045706925,6.610696135189607e-05,0.17505272376012407,0.21184221128209238,0.04749368471064589,6.610696135189607e-05,0.6365335419483296,0.01943491445101999,0.46288979326944746,0.8660901600303992,0.6456623168418523,0.33446674777057234,0.5362435791260659,0.04348748502282662,0.07306847172501489,0.0,0.0,3.133094384763564e-08,0.0,0.0
6.610696135189607e-05,0.01575412824594156,0.004435823259385722,0.0008797252191017231,6.610696135189607e-05,0.2525513763193973,0.18512311673436213,0.012869658637261255,0.00021312839914837777,0.9999369462192534,0.0,0.15386771119142928,9.588201988560541e-05,0.17409869790711446,0.006100583636214101,0.37394799825547015,0.05997598054542222,0.12166324554496984,0.11826677472919948,0.17992035276954846,0.9873368347056756,0.4584254107221047,1.0,0.026914462607586453,0.5428306760584922,0.0034777566215574924,0.002013236034258518,0.017918957109127793,0.9999338930386481,0.17572738052232842,0.4143713114806823,0.44306615864064414,0.3556781546330969,0.7571798897756457,0.26569689034233984,0.13474437626046937,0.17812854553238563,0.6331128990777304,0.10704966812709507,0.7266961341474552,0.4773489966707692,0.017743421438296797,0.07794160765271745,0.0,0.12141665220708746,0.0,0.01303212248743047,0.3185383566232731,0.25457741132270684,0.06796716611089254,0.03169159563980812,6.610696135189607e-05,6.610696135189607e-05,6.610696135189607e-05,0.06474427310110618,0.394577964323697,0.2247064072464171,0.1199682135666632,0.0,0.013046635882115897,0.034295382753019105,0.0,0.168753212764328,0.326246359735782,0.8639898038325037,0.742138039577734,0.012663146526591786,0.42015793707080795,0.0,0.10579310585044786,0.0013069586315584277,0.012118423009303582,0.0049174583306444,6.610696135189607e-05,0.1766581259538956,0.2195966750913737,0.052462648543483294,6.610696135189607e-05,0.6424033809699526,0.01811370297793732,0.4604671848995677,0.865159741719645,0.634726120678384,0.3264911345330364,0.5190023336174349,0.044574672542794694,0.07474139804847908,0.0,0.0,1.876773269386651e-08,0.0,0.0
6.610696135189607e-05,0.01558812515677323,0.004408304056777994,0.0008978363084172605,6.610696135189607e-05,0.43503815958746556,0.18631133422862217,0.012309625112355182,0.00024670024774688543,0.9999368007186283,0.0,0.1546449203519716,6.879172432367761e-05,0.1863698183493402,0.006059058377942348,0.3934612009625723,0.05689272181183898,0.11528470608217468,0.11901364686071314,0.1784984236730592,0.9871388355198774,0.4555018141408012,1.0,0.026661021311540366,0.5390345672889622,0.0028774606312928384,0.0019989363750904936,0.01790462902917005,0.9999338930386481,0.176927958729155,0.4227598575425952,0.44995776349108046,0.35289511357996667,0.756180272779433,0.261322987325982,0.13514432221355233,0.18012433708175637,0.6365073505166371,0.10437295815542023,0.7295786886530112,0.4752643882019388,0.017558300959188106,0.08019264074875251,0.0,0.12297121754718192,0.0,0.012965657592090504,0.31619874410932536,0.2529675388187084,0.06720729183598402,0.03142618974389892,6.610696135189607e-05,6.610696135189607e-05,6.610696135189607e-05,0.06384335320625378,0.39858811072358785,0.22716630854432787,0.12649911020721197,0.0,0.010350612147567018,0.0361551514688803,0.0,0.1680400906861444,0.33324920112171785,0.8634280521800988,0.7413089355781882,0.012861153383772353,0.4215269683120168,0.0,0.10735122405218822,0.0013140507677673343,0.01182932147315003,0.0048945980213041815,6.610696135189607e-05,0.17754092303686222,0.22326042514520406,0.0562208063307403,6.610696135189607e-05,0.6490777261241047,0.01665341867623896,0.4575329821148345,0.864786886062124,0.6231552324213364,0.3212784396365403,0.5021658408820076,0.04548849884900537,0.07620170459416868,0.0,0.0,1.1096350271117948e-08,0.0,0.0
6.610696135189607e-05,0.015489833219265465,0.0043957967870297855,0.0009004847744691644,6.610696135189607e-05,0.7019216287720159,0.18668625716229892,0.011933328848051943,0.0003133669159003296,0.9999366413554583,0.0,0.15588238946236008,4.971712490793824e-05,0.19901879300867784,0.006056112218167809,0.4115156533323952,0.05394395924535911,0.1102307371653442,0.11925301807850981,0.17716334661894914,0.9869348244301505,0.4533134756118621,1.0,0.026418981574516682,0.5359717726000957,0.002363889747795162,0.001980341091728126,0.017898601097377523,0.9999338930386481,0.1782524271188738,0.4293492478571575,0.4559607799867189,0.3504401323736993,0.7554550008849499,0.257551456856278,0.1353645778240725,0.18135148885241,0.6384159791905548,0.10214977211017587,0.732045071334193,0.473413303498948,0.017397478727128976,0.08231642103406103,0.0,0.12440575463558419,0.0,0.012914817262889039,0.3140884020137003,0.2514457338045294,0.06659370608208869,0.031146572048984134,6.610696135189607e-05,6.610696135189607e-05,6.610696135189607e-05,0.06331207238938209,0.4021229787326668,0.2293878788649535,0.13224633777974487,0.0,0.008352134738536706,0.03813434387739241,0.0,0.16770206128970652,0.3389126697471244,0.8633495031943612,0.7405202323469898,0.01306517556984959,0.4222807697525538,0.0,0.10879552193485618,0.0013109464697819255,0.01157194134749043,0.004866562382119069,6.610696135189607e-05,0.177884413199182,0.22427445891089248,0.05930494362308948,6.610696135189607e-05,0.655731099853555,0.0151571202500966,0.4543198159016171,0.8645857050510196,0.6112775834003755,0.317393564713885,0.4863345745574289,0.04630890813074134,0.07744328958858343,0.0,0.0,0.0,0.0,0.0
6.610696135189607e-05,0.015397555072796533,0.004392801225885293,0.0008968827961194858,6.610696135189607e-05,0.9999503363495106,0.18663654888171943,0.011666814285586954,0.0003864371834673017,0.9999366281049602,0.0,0.1575407853764805,3.6200130516960106e-05,0.21194602991103828,0.006082328367272041,0.4280250949145572,0.051172747289365134,0.10616240836787519,0.11918423373347718,0.17594924215149646,0.9867411118849927,0.4516773720832697,1.0,0.026215970376830915,0.5333797706777883,0.0019193787254996335,0.001958280281238637,0.01790529870622441,0.9999338930386481,0.17955841328319902,0.4347056484883113,0.46127794676739986,0.34829581575830804,0.7549598315566196,0.2542945633525369,0.13551815724680902,0.1819788498232326,0.6395109445208944,0.10017844442579843,0.7341696480868091,0.4718819119722351,0.017253525984570146,0.08429164960311503,0.0,0.1256952711821208,0.0,0.012879482865612248,0.31214366424189416,0.25000486869943944,0.06602973781217546,0.030880650654255694,6.610696135189607e-05,6.610696135189607e-05,6.610696135189607e-05,0.06290481514755164,0.4052943432500018,0.23135487562550425,0.13723969650347295,0.0,0.006841426868497629,0.04021335892398825,0.0,0.1675959329990783,0.3434891079373832,0.8635622402819527,0.7397591082453885,0.013258888115007337,0.4226273567346096,0.0,0.1101443419679903,0.0013022582815409387,0.011293646308916824,0.004841447518171111,6.610696135189607e-05,0.17793001715353662,0.22408278999252618,0.061982846890322886,6.610696135189607e-05,0.6623906124777109,0.013685292817876176,0.45092495476750966,0.864445642622674,0.5992336933972315,0.31419336818784527,0.4717964606596444,0.04706167162474751,0.07846657172250653,0.0,0.0,0.0,0.0,0.0
6.610696135189607e-05,0.01531824747452913,0.004397220412250428,0.0008909885906613381,6.610696135189607e-05,0.999952997439389,0.18638401631025805,0.011459263073530823,0.0004531038537848225,0.9999366147385683,0.0,0.15955729235990232,2.655135196675014e-05,0.2250104156512321,0.00613357044639337,0.44297945020864327,0.04858924147642908,0.10283327230137897,0.11891004909669521,0.17481510563841068,0.9865548673719821,0.45035290666420613,1.0,0.026072858852039856,0.5311627509871796,0.0015661967079101098,0.0019193787254996335,0.01791861114374227,0.9999338930386481,0.18072862336484222,0.43922894971046555,0.466138723931683,0.3464154169645809,0.7546219264146435,0.251496186941105,0.13565436634023628,0.18218732529534737,0.6401258360088258,0.09842241999370681,0.7360155725604133,0.4706839986639698,0.01712226382674281,0.0861088851943416,0.0,0.12686338350689155,0.0,0.012851105583923723,0.3103585866354737,0.24864885194831346,0.06556400592358101,0.030634310266699414,6.610696135189607e-05,6.610696135189607e-05,6.610696135189607e-05,0.06254800104127052,0.4081918489988132,0.233109339959046,0.14160089795025307,0.0,0.005687131628364161,0.042378611258837136,0.0,0.1676396426552653,0.3472231526823856,0.863967687076562,0.7390760091672478,0.013445132628017985,0.4227837098289023,0.0,0.11147610867614033,0.0012906947049271473,0.011036962465372642,0.004821318234203516,6.610696135189607e-05,0.1777116652414538,0.22315892668152276,0.06441748966433584,6.610696135189607e-05,0.6687275765705291,0.012268733626310488,0.44734562274873957,0.864319082307797,0.5871151274250564,0.3113619822859437,0.4585981297976499,0.04775554330789234,0.07925957635226563,0.0,0.0,0.0,0.0,0.0
6.610696135189607e-05,0.015250800417135222,0.0044062810852161195,0.0008841633842130589,6.610696135189607e-05,0.9999529130199007,0.18599279798274343,0.011300679128472787,0.0005435172777984977,0.9999365914468612,0.0,0.16190708426133119,1.9618857588696902e-05,0.23809285426453058,0.006209391526511638,0.4564452205169238,0.04619781924901428,0.10009466490157641,0.11852131000863543,0.1737638106994767,0.9863788287012685,0.44925754039696286,1.0,0.025928163046391752,0.5291948763777364,0.0012544244551844312,0.0018860453921663001,0.01793302108926266,0.9999338930386481,0.18182089460849626,0.44299324417977615,0.470895549561082,0.3447788410677333,0.754371427375072,0.24910289727527005,0.13580300600388887,0.1820959746708205,0.640428581427243,0.09685905518837049,0.7376205895748844,0.4697983251160661,0.017001804553057536,0.08776707603633903,0.0,0.12791474615278728,0.0,0.012823366173027343,0.30872464365063085,0.24736851255604278,0.06516407512103957,0.030412303871712038,6.610696135189607e-05,6.610696135189607e-05,6.610696135189607e-05,0.06220195446749324,0.4108112373667596,0.23469924085545782,0.14539934211284208,0.0,0.00479203408965656,0.04461173766745408,0.0,0.16779676159038234,0.3502838644220608,0.864476885438307,0.7384691132641843,0.01362117129873152,0.4228277134502499,0.0,0.11277614193982341,0.001278058111543878,0.010778245293406574,0.004807167313281216,6.610696135189607e-05,0.1773474169851179,0.2220215608487664,0.06670713872802363,6.610696135189607e-05,0.6747492051757533,0.010929331769470165,0.44359067635055666,0.8641773751385224,0.5750191369749923,0.3087502893787912,0.44669572429470566,0.048384829585718964,0.07982314556029677,0.0,0.0,0.0,0.0,0.0
6.610696135189607e-05,0.01519344338041746,0.004418780298041707,0.0008771754833735199,6.610696135189607e-05,0.9999527870242497,0.1855584354428785,0.011156224953701924,0.0006231061892445408,0.9999365633482299,0.0,0.16455095185129115,1.4602200136973781e-05,0.2510528970538712,0.00630948963801036,0.46851850601674866,0.04398729584489698,0.09782948798276436,0.11807084618012689,0.17278912858186019,0.9862150966594215,0.44832968034741316,1.0,0.025795759520783616,0.5274143504330356,0.0009942336881909647,0.0018388358082223682,0.01794640408003184,0.9999338930386481,0.18280026624139892,0.44619609969070834,0.47546558975265507,0.3433573317932426,0.754189419840398,0.24703532851418966,0.13594916851465436,0.1817823821414389,0.6405166190638806,0.09544525534714605,0.7390318499117118,0.4691827243733961,0.016890658475190334,0.08927299702497779,0.0,0.12885938297275007,0.0,0.012800756009258394,0.3072275133071655,0.2461875350250674,0.06481105941900128,0.030211636540251722,6.610696135189607e-05,6.610696135189607e-05,6.610696135189607e-05,0.061858513666301435,0.4131838359236371,0.23612986151140056,0.14871812149634145,0.0,0.004090277226270432,0.04688964265006184,0.0,0.1680218824461438,0.352798440098402,0.8650384953446828,0.737937874393162,0.013784903340578466,0.4228109366798367,0.0,0.11407968656240672,0.0012653247135316428,0.010532665016235418,0.0047958025376155,6.610696135189607e-05,0.17690299533664444,0.22079333443569463,0.06888481402997922,6.610696135189607e-05,0.6803962187423471,0.009680718648201483,0.4396955981381777,0.8640362292852086,0.5630744435784195,0.3062842486480472,0.43603623863610524,0.04895897179724748,0.08018934754543748,0.0,0.0,0.0,0.0,0.0
6.610696135189607e-05,0.015145232729810481,0.004433372869473729,0.00083713195568736,6.610696135189607e-05,0.9999526330955071,0.1851053518187828,0.011120146084209243,0.0007331374358574053,0.9999366664192775,0.0,0.16746062185648383,1.0947637271364565e-05,0.26376979192663236,0.0064346688563064365,0.4793351401402017,0.041945391196738666,0.09595317042385042,0.11759552521214585,0.1718878500297587,0.986063918637581,0.4475292676712534,1.0,0.025674545458566986,0.5257747330534778,0.0007700533458131329,0.0017901064294408408,0.017958341418495602,0.9999338930386481,0.18368887292759772,0.44893593524849934,0.48007879215891236,0.342110002794486,0.7540265366322523,0.2452388395828757,0.1360969226276293,0.18131381560708448,0.6404359709812796,0.09416325355665768,0.7402716265437882,0.4687980524491258,0.016788182647934694,0.09063414235441168,0.0,0.1297075540846274,0.0,0.012781862927131567,0.3058657568568547,0.24510323280785462,0.0645071750883454,0.03003126985999283,6.610696135189607e-05,6.610696135189607e-05,6.610696135189607e-05,0.061519918771060056,0.415327916423102,0.2374441719113625,0.1516250776652905,0.0,0.0035337284277853513,0.04919268482007263,0.0,0.1683031352897129,0.3548667439993106,0.8656162921399195,0.7374780076158296,0.013936081362418926,0.4227631782441192,0.0,0.1153903655722642,0.0012530313628558044,0.010283610057948218,0.004789326142718422,6.610696135189607e-05,0.17638874894365672,0.21963540747891414,0.07100521841167212,6.610696135189607e-05,0.6857141994249665,0.00852929145638526,0.43567546089535003,0.8638921297350993,0.5513826640384978,0.30393667534234137,0.4265016063031406,0.04947984696976016,0.08038203312771322,0.0,0.0,0.0,0.0,0.0
6.610696135189607e-05,0.015102676487733013,0.00445003305380571,0.0008180881036069924,6.610696135189607e-05,0.9999524394953584,0.18467437896631123,0.01099774560163487,0.0007991314123752787,0.999936639061046,0.0,0.17059846519652286,8.269083219968013e-06,0.2761693927448415,0.0065845046349675695,0.48909179078194337,0.04004356368246577,0.09441124812962551,0.11711991460084958,0.17101632313502757,0.985899442328834,0.44679411665517577,1.0,0.02556383800475871,0.5242568960276547,0.0006036818678691668,0.0017338375040269326,0.017968498296695327,0.9999338930386481,0.18444143498363869,0.4512554080605213,0.4846122190806482,0.34101486512624424,0.7538679554719834,0.2436644365162872,0.13624825489147652,0.1807320614121442,0.6402402219194441,0.09298589498597018,0.7413667001333382,0.46860180718278005,0.016693540973025403,0.0918583820404329,0.0,0.13046081531173268,0.0,0.012765499546521357,0.30461171223147243,0.24405857776573509,0.06426186614479425,0.02985874750799912,6.610696135189607e-05,6.610696135189607e-05,6.610696135189607e-05,0.06116483005960156,0.41729712337177494,0.2386566087881407,0.15419918384955483,0.0,0.0030886934225465763,0.051504215814805805,0.0,0.16863874843108415,0.35656797251353767,0.866186544426125,0.7371252948245395,0.014100557671166037,0.4227450680330916,0.0,0.11671766290584773,0.001257264830618777,0.010072058558356106,0.00479000083731709,6.610696135189607e-05,0.17581282732618858,0.21839689579048882,0.0730547454708985,6.610696135189607e-05,0.6905279379296638,0.007475435739875929,0.43153791443763506,0.8637434760253035,0.5400098524204677,0.3016710576307826,0.41792231423208653,0.04995098775311193,0.0804189721740568,0.0,0.0,0.0,0.0,0.0
6.610696135189607e-05,0.015064231485477385,0.0044671320203465165,0.0008051406714098845,6.610696135189607e-05,0.9999522255271278,0.1842249227972514,0.01087640676020444,0.0008844651164649724,0.9999366043448807,0.0,0.17395321786399845,6.292404435712498e-06,0.28814354858849917,0.006761649735798814,0.4978866227564536,0.03828181925437193,0.09314582970622855,0.11665570327987465,0.17020708725046596,0.9857424585872316,0.446144671742336,1.0,0.025462774023330036,0.5228226010168352,0.00045310385378482236,0.0016920534823997764,0.017977787089731852,0.9999338930386481,0.1851733012597643,0.4531559759633173,0.48918169658488836,0.34002218861480576,0.7536943998470159,0.24227123324666663,0.1363761342517865,0.1800703943995227,0.6399532436170692,0.09190508691808272,0.7423393654526661,0.46856820157750406,0.016605924389661533,0.09295324944376328,0.0,0.13112762881740478,0.0,0.01275122068152016,0.3034630076370689,0.2430997571244343,0.06404115253645437,0.029712976487945873,6.610696135189607e-05,6.610696135189607e-05,6.610696135189607e-05,0.06079713362337691,0.4190956027111848,0.23978537119885837,0.15645419231103827,0.0,0.0027275093745097144,0.053793694027791744,0.0,0.1690080868951523,0.3579593382550032,0.8667383723304638,0.7368396633057708,0.014257541412768361,0.42272769944025923,0.0,0.11805319678515533,0.0012603243202284093,0.009850919652489088,0.004792411294547439,6.610696135189607e-05,0.17525331114059797,0.21732334562700614,0.07503850579076128,6.610696135189607e-05,0.6950088837024156,0.0065202289541257275,0.4273213565782966,0.8636175733437778,0.5290585476374684,0.29949141261934026,0.41020829032546363,0.05037072839780973,0.0803266304612642,0.0,0.0,0.0,0.0,0.0
6.610696135189607e-05,0.015030589771869059,0.004485199877805669,0.0008022791505666504,6.610696135189607e-05,0.9999519984039534,0.1837564104371625,0.010738269035444047,0.0009333989468636052,0.9999365347947393,0.0,0.17748880664035474,4.823372794090692e-06,0.29961222569109547,0.006967491457026485,0.5058490182141344,0.03664825328938887,0.09210727146573562,0.11621249831280091,0.16946414914295294,0.9855979111543551,0.44557232665023816,1.0,0.02540392573678162,0.5214930957098206,0.0003451887336334471,0.0016507521040776336,0.017984596989022685,0.9999338930386481,0.18577920460551606,0.45476043280772144,0.4934451021348784,0.33911699613580304,0.7535405410945564,0.2410354337585997,0.1365027703562643,0.17936949654627532,0.6396398074622635,0.09091380587920016,0.7432317482529774,0.46867151577753113,0.016525325670061725,0.09393419267820362,0.0,0.1317220890465486,0.0,0.01273883379396847,0.30243281243228537,0.2422285050456106,0.06383746006595084,0.02957916580137908,6.610696135189607e-05,6.610696135189607e-05,6.610696135189607e-05,0.06044510907499306,0.4207334773790585,0.2408008616025994,0.15845453559537964,0.0,0.002432959420533713,0.056042146032535316,0.0,0.16938151267167353,0.35909606409440553,0.8672621760171374,0.7366016581788435,0.014402088845644853,0.4227055843032132,0.0,0.11940277477900513,0.0012626030886675303,0.009632204248236641,0.004793680329265324,6.610696135189607e-05,0.17468879405611556,0.21638599912624745,0.07704856335112246,6.610696135189607e-05,0.6991420079945665,0.005658597302844251,0.4230212240056659,0.8634924062709416,0.5185853183420954,0.29735055504817476,0.40323717590666547,0.05073848578596014,0.0801251486623277,0.0,0.0,0.0,0.0,0.0
6.610696135189607e-05,0.015001591515599813,0.004504071815830192,0.0007972085136385362,6.610696135189607e-05,0.9999517620129575,0.18326823719371937,0.01061027972316073,0.0010022709621206301,0.9999364896456084,0.0,0.18118141035460783,3.7240923472695597e-06,0.3105195994999212,0.007204815583483682,0.5130940338725604,0.03513829966723111,0.09126114544033212,0.11579766844777935,0.16879703007559,0.9854725571621736,0.44507890809097805,1.0,0.025330554250345742,0.5202415054198588,0.0002467002477728427,0.0015918768408652014,0.017989979163859218,0.9999338930386481,0.18633124739329712,0.4562732927866046,0.4976217571177183,0.33832801362995757,0.753391097512369,0.23993725121110407,0.13664650413906587,0.17865613878959066,0.6393286858695277,0.09001183055574624,0.7440547664585883,0.4688773751088556,0.016450717487773162,0.09480583155958763,0.0,0.13224641758056774,0.0,0.012724218520283177,0.30151221691286206,0.24144043123531317,0.06364948689819429,0.029459393296072507,6.610696135189607e-05,6.610696135189607e-05,6.610696135189607e-05,0.060125360587860215,0.4222273017793018,0.24172396010649388,0.16024403164869555,0.0,0.0021914012848441374,0.058240502849864394,0.0,0.16976000789657542,0.36004045290691467,0.8677516140644475,0.7363971383648223,0.014527442837826315,0.42267467432845424,0.0,0.12073448822708596,0.0012641498186648154,0.0094200961615174,0.004793596702819101,6.610696135189607e-05,0.17408684552361867,0.21559004903940843,0.07901737944086144,6.610696135189607e-05,0.7029873155010433,0.004884942381137117,0.41863730678559247,0.8633497717685868,0.508632860425644,0.2952259956971242,0.3968941355716934,0.05104692597760524,0.07982102654389761,0.0,0.0,0.0,0.0,0.0
6.610696135189607e-05,0.014976201128980338,0.00452362624615799,0.0007923678970856186,6.610696135189607e-05,0.9999515294546394,0.18274721766498417,0.010492613638730509,0.0010613300400476723,0.9999364479727997,0.0,0.184993310769843,2.895792118957099e-06,0.32082120140794607,0.007475561067408802,0.5197089957200844,0.03373959307570068,0.09058011351957862,0.1154156452631827,0.16819370400146036,0.9853597411914432,0.4446471504931113,1.0,0.025259405150873944,0.5190450810731082,0.00017307027171223956,0.001547378400373484,0.017993666707860616,0.9999338930386481,0.1868096212807757,0.4575450413029251,0.5018073160056912,0.33762003680953767,0.7532030632708433,0.23894101594768796,0.13679363136968323,0.17794373825361753,0.6389758089488881,0.08918205388199416,0.7447914149348956,0.4691561085466156,0.0163819722866225,0.09557728455118589,0.0,0.13270997875668622,0.0,0.012746311050374725,0.3006872249405154,0.24071286437287198,0.06349300534154126,0.029350694428108958,6.610696135189607e-05,6.610696135189607e-05,6.610696135189607e-05,0.059819396472897156,0.4235570472970834,0.2426009793930714,0.16184979463711918,0.0,0.0019919101129086585,0.06038324187244224,0.0,0.17015987656493556,0.3608182423042485,0.8682023824501949,0.7362290114473539,0.01464025880855683,0.4226428707502025,0.0,0.12206457497065508,0.0012532177451625803,0.009251055620958059,0.004796454655751259,6.610696135189607e-05,0.1735258436283625,0.214762111658583,0.08092406183573456,6.610696135189607e-05,0.7064434450218284,0.004195957336085266,0.4142158786453498,0.8632034728381978,0.4992431502255279,0.29316538811126097,0.3911089503979214,0.051309115424468164,0.07944553562955728,0.0,0.0,0.0,0.0,0.0
6.610696135189607e-05,0.01495506945172075,0.0045428110442716375,0.0007884203229457565,6.610696135189607e-05,0.9999512885406981,0.18225871950460357,0.010380352787626638,0.001142703457361082,0.9999363993667992,0.0,0.1888976840772295,2.2677393254978997e-06,0.33048923402038366,0.007781932086103676,0.5257604396590685,0.032442110273291636,0.09004094644115439,0.11506977791392944,0.16765116752714684,0.9852586041905965,0.44427472313679095,1.0,0.025183925122829093,0.5179016792700423,0.00010696331036034349,0.0015042899249324473,0.017995587464456075,0.9999338930386481,0.18723300756245717,0.4586513110754748,0.5057623426724461,0.33699254032568043,0.7529943560966986,0.23803632329635238,0.13696642165335138,0.17725861047095423,0.6386409715948367,0.08841847245886147,0.7454695959443429,0.46949494658407315,0.016316937253004506,0.09625882035859411,0.0,0.1331177011525283,0.0,0.012749387282074096,0.2999650401853008,0.24006137111902567,0.06335502900024234,0.0292530572344046,6.610696135189607e-05,6.610696135189607e-05,6.610696135189607e-05,0.05952031578080214,0.42477345304128905,0.24341964025920548,0.16328304977389269,0.0,0.0018245108139728385,0.062442080282343014,0.0,0.17056784166685848,0.36145261096210246,0.868613284833066,0.7360900121142591,0.014741395809403519,0.42260757571068075,0.0,0.12338856295540952,0.0012569504841173018,0.00907639026591152,0.004797515812222097,6.610696135189607e-05,0.17294514309819808,0.21408256295527897,0.08272810485489666,6.610696135189607e-05,0.7096187294659178,0.0035860036440959163,0.40978294285252553,0.8630313106073231,0.4904276446946893,0.29113501603671665,0.3858210878820701,0.05152045211550704,0.07901149601266998,0.0,0.0,0.0,0.0,0.0
6.610696135189607e-05,0.014936504491453173,0.004558194761535778,0.000785111442838047,6.610696135189607e-05,0.9999510655938498,0.18180185814934371,0.010259091995218564,0.0012195746236213314,0.9999363706601417,0.0,0.19286270495958951,1.7883089234415917e-06,0.33952895532855576,0.008126576850048388,0.5313290221017355,0.031237059736773612,0.08962220413280046,0.11476113448678105,0.1671650506964112,0.9851674676882822,0.44395263007187563,1.0,0.025118967247276216,0.5168020507671758,6.610696135189606e-05,0.0014264469915768732,0.017997045509143498,0.9999338930386481,0.1875955249664553,0.4597621561844478,0.5097137416408201,0.336440081914003,0.7527724242012341,0.23719835785635515,0.13711868851297918,0.17658915755873586,0.6383110248025393,0.08770602563987327,0.7460929194385755,0.4698701084341771,0.01625598882355519,0.09686145502288625,0.0,0.13347742143624824,0.0,0.012748714995839412,0.2993179617322198,0.23947209606332054,0.06323334846221776,0.02916545828329606,6.610696135189607e-05,6.610696135189607e-05,6.610696135189607e-05,0.059235580890989147,0.42588472223856394,0.24417746748948815,0.16456778530556382,0.0,0.0016835484289725725,0.06441583390060315,0.0,0.1709789203072743,0.361966072609306,0.8689828766896638,0.7359734942807026,0.01483253231171778,0.4225699484918762,0.0,0.1247035226064841,0.0012594963344013156,0.008874369082265281,0.004798752418130928,6.610696135189607e-05,0.17239672359377672,0.21362675831758626,0.08452828636819752,6.610696135189607e-05,0.7126312663819119,0.0030501083092778106,0.4053711518784916,0.8628795231780974,0.48219833868373585,0.2891465644468092,0.3809649522583913,0.05169110051737663,0.07854161482371644,0.0,0.0,0.0,0.0,0.0
6.610696135189607e-05,0.014920215185954088,0.004580320208174333,0.0007823297125450444,6.610696135189607e-05,0.9999508525699008,0.18133864670461763,0.010146463979417224,0.001286433770489549,0.9999363071503439,0.0,0.19684982638557905,1.4198393547697884e-06,0.3479608932777589,0.008511934136482404,0.5364919997143716,0.03011609532669946,0.08930181353457427,0.11448570747179444,0.16672674059963644,0.9850832439423036,0.44366087264085735,1.0,0.02506014144879481,0.5157492886892369,6.610696135189607e-05,0.0013748464227180928,0.017997344297044724,0.9999338930386481,0.18785798952666535,0.46057859106194804,0.5139120321937696,0.3359261951710425,0.7524771566429079,0.23642581694895845,0.1372718103415855,0.17595305877412468,0.6379305027693775,0.08704485725595092,0.7466280815716914,0.4702770137192185,0.016199518481424816,0.09738844165040642,0.0,0.133793410767545,0.0,0.012746653104098029,0.2987338136143993,0.2389081082167768,0.0631410456595466,0.02908562452658693,6.610696135189607e-05,6.610696135189607e-05,6.610696135189607e-05,0.05896405191340346,0.42690915965953385,0.24494193723362798,0.16574816167448092,0.0,0.001565713466636789,0.06632716075722939,0.0,0.17142737036037042,0.3623819059801038,0.8693147740467807,0.7358848177499572,0.014916756057696339,0.4225457165915977,0.0,0.12599207207174737,0.0012609943949581665,0.008700395874342038,0.0048057662750791335,6.610696135189607e-05,0.1718618911601978,0.21313961624330768,0.08626923305830586,6.610696135189607e-05,0.7153791830244083,0.0025809061234641274,0.4009761949909816,0.8627267698190597,0.4745203344814796,0.2872304023369108,0.3764631430296776,0.05182845274123872,0.07803926676610351,0.0,0.0,0.0,0.0,0.0
6.610696135189607e-05,0.014905944029633567,0.004604509727309927,0.0007797223222002395,6.610696135189607e-05,0.9999506410482444,0.1808548223976449,0.010034512982615061,0.0013519749202021809,0.9999362534052206,0.0,0.2008374389404828,1.1348292084552196e-06,0.355802055200932,0.008940514573221967,0.5412848920888972,0.029071828105666234,0.0890681195367141,0.11424305675235977,0.16633366812672298,0.9850068666371506,0.44341799457834014,1.0,0.025007950051074368,0.5147489480926818,6.610696135189607e-05,0.001322024391834893,0.017995036811137705,0.9999338930386481,0.1880853251287061,0.4612895680257309,0.517803806190381,0.33546424205847725,0.7521751247128866,0.23571004513495003,0.13742935129891362,0.1753555263110633,0.6375736357088676,0.08642778887626758,0.747117962873088,0.4707102785812929,0.016146888377585857,0.09785007941587535,0.0,0.13406855975871132,0.0,0.012745215484120056,0.29822590519302494,0.2383924261584677,0.06305282777774618,0.029012824328717015,6.610696135189607e-05,0.00012578763046842267,6.610696135189607e-05,0.05868999417528849,0.427838816854665,0.2456515377229661,0.1668064285524472,0.0,0.0014657002912622523,0.06814571041096217,0.0,0.1718768659511374,0.36270393332920875,0.8696100548700544,0.7358162524574017,0.014993133362849412,0.4225134456629485,0.0,0.1272564177712734,0.0012618261626314742,0.00854513856293348,0.00481026987714216,6.610696135189607e-05,0.17134120745219306,0.21270270561706273,0.08797747462095298,6.610696135189607e-05,0.7178866897248529,0.0021733375641472736,0.39664608737211987,0.862569513871878,0.46737671819674254,0.28534013930694824,0.37228731903483525,0.05193334307010849,0.07751766855278425,0.0,0.0,0.0,0.0,0.0
6.610696135189607e-05,0.014893394241702832,0.004628871606926392,0.0007774266156770768,6.610696135189607e-05,0.9999504340141696,0.18040020527342554,0.009925436630018224,0.001416804130271666,0.9999361967999912,0.0,0.20479710070238155,9.129611792149917e-07,0.36307511781601154,0.00941542279478655,0.545738072581004,0.02809776071984089,0.08890760581866398,0.11403126613059919,0.16598183111676074,0.9849366524828373,0.4432177120642358,1.0,0.0249608491044699,0.5137966357491165,6.610696135189607e-05,0.0012717139455543456,0.017992028967853093,0.9999338930386481,0.18828490997533773,0.4619496259599987,0.5215660160137235,0.33504664972429066,0.7518587379916086,0.235046885207492,0.13759233732553489,0.17479625677861577,0.6372352415472501,0.08585140883820429,0.7475619968821062,0.47115636159619434,0.016097728726419736,0.09825292114595516,0.0,0.13430785467318648,0.0,0.012744530729492535,0.2977820688667971,0.2379068630883447,0.06297854552553793,0.02894907909232286,6.610696135189607e-05,0.00029331873268466515,6.610696135189607e-05,0.058430656566555536,0.42867336257481925,0.24631957580659927,0.1677524960217157,0.0,0.0013799327439992192,0.0698708711626517,0.0,0.17233301613087632,0.362951520321168,0.8698710051429811,0.7357652477372841,0.015063347517162677,0.4224744332625777,0.0,0.12853060430734187,0.0012620932305558439,0.008406083432399784,0.004814077282322293,6.610696135189607e-05,0.17082841191401368,0.21230606037511365,0.08961809973883922,6.610696135189607e-05,0.7200595710715212,0.0018216862017921243,0.39240351806841073,0.8624067497132859,0.46074869266137347,0.2834784644953117,0.36841051858079177,0.052007226267176576,0.07698451226397364,0.0,0.0,0.0,0.0,0.0
6.610696135189607e-05,0.01488247813180258,0.0046525664697658195,0.0007753922955294023,6.610696135189607e-05,0.999950241754873,0.17996363001148472,0.00982045704004055,0.0014937422057472887,0.9999361434790432,0.0,0.20871238231208136,7.392295001600918e-07,0.36982215644090366,0.009940439179067617,0.5498914618431405,0.02718850157595931,0.088809077031569,0.1138460968108908,0.16566543320146987,0.9848719488820331,0.44305048564552163,1.0,0.0249178460569776,0.5128883793605055,6.610696135189607e-05,0.0012195746242433258,0.01798791588263003,0.9999338930386481,0.18845470728387284,0.4625788247988257,0.5252047872292555,0.3346730304443605,0.7515309889390469,0.23443515813170956,0.13776003674837917,0.17427802718104243,0.6369196651073405,0.0853151304761011,0.747965993806586,0.47160746181435376,0.016052066424148383,0.09860589391317694,0.0,0.1345182613725602,0.0,0.01274485601815125,0.2973618379957747,0.23747163410951452,0.06291656029604549,0.0288928473460101,6.610696135189607e-05,0.0004506355640858457,6.610696135189607e-05,0.05818697533117859,0.42944203212156673,0.24694892932973891,0.1685974981094514,0.0,0.0013056933028435477,0.07150260117100656,0.0,0.17279623908265346,0.36313928597913,0.8701018367649608,0.7357286728853533,0.015128051117966907,0.4224312529819182,0.0,0.1297383739961237,0.0012620840805731982,0.008249769263160954,0.004817688816809482,6.610696135189607e-05,0.17036796572359805,0.2121036589638414,0.09118422430973712,6.610696135189607e-05,0.722194834349616,0.001520081731214262,0.38825496144675764,0.8622392240221207,0.4545941230752103,0.28163729454258524,0.36479340768075846,0.05204926553480127,0.07644417517494731,0.0,0.0,0.0,0.0,0.0
6.610696135189607e-05,0.014873272886203121,0.0046759452228609276,0.0007736123276810307,6.610696135189607e-05,0.9999500532070611,0.17953802442755734,0.009719231330719069,0.0015523550875281896,0.9999360924188073,0.0,0.21254243212107082,6.022223649892474e-07,0.376067866282685,0.010518045766709668,0.553760620724627,0.026338136241977204,0.08875888802847727,0.11368416341715014,0.16538027712946116,0.9848122228048642,0.442909031257427,1.0,0.02487812155855205,0.5120292137215638,6.610696135189607e-05,0.001186241289642228,0.01798247846483596,0.9999338930386481,0.1885992879406432,0.4630839213277806,0.5286563878746053,0.3343268629454492,0.7511925680876811,0.23386910874016434,0.13792731195813396,0.17379491801468944,0.6366053169004304,0.08481420963666075,0.7483262026109885,0.4720591487902036,0.016010362022199912,0.09891839335864676,0.0,0.13470693327772895,0.0,0.012745869944293655,0.2970113018808065,0.2370476290793329,0.06286499281813099,0.02884221335077338,6.610696135189607e-05,0.0006913075277113559,6.610696135189607e-05,0.057957419290845566,0.43013154222649824,0.24754487309406084,0.16936799429203306,0.0,0.0012418568185602846,0.07305225714700735,0.0,0.1732666544345493,0.36327795202335766,0.8703054745606499,0.735701329511892,0.015187777195135786,0.4223840354648441,0.0,0.13095483026744895,0.0012614790390032,0.008130618755783353,0.004820972640897771,6.610696135189607e-05,0.16988646447700878,0.21181213999852366,0.09267946826624114,6.610696135189607e-05,0.7239941244700194,0.0012625588182580546,0.3842204648467317,0.862072085819501,0.4488953588840653,0.2798243801858526,0.3614251696387123,0.052069006712484996,0.07590401115796142,0.0,0.0,0.0,0.0,0.0
6.610696135189607e-05,0.014865271702351414,0.004697832820254798,0.0007719697654092761,6.610696135189607e-05,0.9999498842345657,0.17912631521935005,0.009623407505442627,0.0016338588091139097,0.9999360463597395,0.0,0.21628593644386895,4.936210102268912e-07,0.3818525983787611,0.011152672306709866,0.5573730415938954,0.025542864207226162,0.08875143735473358,0.11354279800347676,0.16512324844804324,0.9847570139943561,0.44279084537849195,1.0,0.024842557913729902,0.5112107539567263,6.610696135189607e-05,0.0011529079563088948,0.017976058469968418,0.9999338930386481,0.18871809706226517,0.4635600387212214,0.5316920117847439,0.33401942978741206,0.7508720920220053,0.233342814114219,0.13809785129033614,0.17334793863773496,0.6363314369910678,0.08434568336763784,0.7486676021778288,0.47250045571466853,0.015971570625862394,0.09919497245958947,0.0,0.13487406043760342,0.0,0.012747974307340253,0.29670953547040774,0.23664762022280275,0.06281575488598824,0.02879762268593136,6.610696135189607e-05,0.0010047286151964835,6.610696135189607e-05,0.05774049420328456,0.43074922331223686,0.24808362653713179,0.170054034222308,0.0,0.001185854722105756,0.07450545070329616,0.0,0.17372769294476145,0.36337983587756145,0.8704856313706609,0.7356817790923673,0.01524298600564391,0.42233509418390464,0.0,0.13212862682258641,0.001260766625678872,0.007998328649542981,0.004821288166055341,6.610696135189607e-05,0.1694496435024334,0.21168404268659252,0.09409370447225787,6.610696135189607e-05,0.7257017793925998,0.0010442814408628744,0.3803172152196041,0.8619016550886537,0.4436136082613981,0.2780104399989262,0.3582812750384667,0.0520618406701836,0.07536827105303642,0.0,0.0,0.0,0.0,0.0
6.610696135189607e-05,0.014858310715530149,0.004719210114431407,0.0007705761075477674,6.610696135189607e-05,0.9999497205786176,0.17872371014367264,0.009532452773007112,0.0016979263742180417,0.9999360031405395,0.0,0.2199157346843793,4.0697631483130506e-07,0.3872127761436705,0.011847755346455208,0.5607493053136432,0.024798325731821808,0.08877695510181444,0.11341798441760702,0.16488960994678817,0.9847055011577127,0.44268993129359413,1.0,0.024809961908299944,0.5104321040009627,6.610696135189607e-05,0.001101260964286724,0.017969710158141586,0.9999338930386481,0.18881433549507495,0.4641089250973957,0.5346478527342667,0.3337541425095812,0.7505594581584224,0.23285076056156304,0.13826679045371684,0.172932509132722,0.6360724749762962,0.08390704403135515,0.7489830420534163,0.4729217286147098,0.015935311251998634,0.09943950933205685,0.0,0.13502261169072471,0.0,0.012717328415502223,0.2964364309921508,0.2362603308600379,0.06277276291722526,0.028757963908993194,6.610696135189607e-05,0.0013473639795897841,6.610696135189607e-05,0.05754202948125358,0.4313484176583871,0.24858048494239476,0.1706840371032612,0.0,0.0011370683232300035,0.07587656730771102,0.0,0.17418464755584412,0.36346040288414166,0.8706467043303944,0.7356708807211549,0.015294498842287311,0.42228745701568116,0.0,0.13326227552225292,0.0012597015158979366,0.007874659515352912,0.004820366382328446,6.610696135189607e-05,0.16901757425484726,0.21158686988535141,0.09549263879204647,6.610696135189607e-05,0.7272855269293064,0.0008600568991829301,0.37654946765079644,0.8617328025699683,0.43871764640037747,0.2762032023695377,0.35534365065500173,0.05203398465891774,0.07484091339933403,0.0,0.0,0.0,0.0,0.0
6.610696135189607e-05,0.014851654982747379,0.004706294996183245,0.0007693341415486164,6.610696135189607e-05,0.9999495894809256,0.17842082837054848,0.009447230514578872,0.0017719852265879025,0.9999361027115383,0.0,0.22341480765867527,3.3743755129768586e-07,0.39217609515209906,0.01260687609390388,0.5639018902687032,0.02410043044966343,0.08882757202873223,0.113304632771723,0.1646731990623623,0.9846563915252182,0.4425985971063495,1.0,0.024788838918507604,0.5096895021965964,6.610696135189607e-05,0.0010586079643150283,0.017962463187068078,0.9999338930386481,0.18890394559149137,0.46459342375473245,0.5377230114450621,0.33350805331218314,0.750229650066082,0.23239369614422256,0.13843611480512835,0.1725489217079234,0.6357830863030771,0.08349721196275275,0.7492511677006511,0.47332227109457015,0.015902799836151917,0.09965265854554363,0.0,0.13515354399181595,0.0,0.012742219542165171,0.29618740661242826,0.2358711038433588,0.06274191787889127,0.02872208149762462,6.610696135189607e-05,0.0017137067275405575,6.610696135189607e-05,0.05732801494705437,0.4318584009728952,0.2490645729207546,0.1712487033838296,0.0,0.0010943483898153735,0.0771762418650175,0.0,0.17465359457352353,0.3635190168207833,0.8707925673921251,0.735674142392094,0.01534360847478176,0.42224785890183464,0.0,0.13436669641980373,0.0012584541586705266,0.007758007024931994,0.004822529092766305,6.610696135189607e-05,0.16861416414948924,0.21152367113193765,0.0967955794918473,6.610696135189607e-05,0.7287363520414135,0.000705777013163409,0.37294279281327264,0.8615635477573204,0.43418063475016216,0.2744337957380016,0.3526008977685442,0.05199480727616179,0.07433114005591429,0.0,0.0,0.0,0.0,0.0
6.610696135189607e-05,0.014847619254200266,0.0047112758678207935,0.0007682153594976252,6.610696135189607e-05,0.9999494899222157,0.17810373736469254,0.009367071618072308,0.0018420853433998516,0.9999360692797998,0.0,0.22676078256737833,2.813773391472436e-07,0.39675184839641003,0.013434136382399965,0.5668350808574192,0.02344737524707773,0.08888665065440045,0.11318787363882747,0.16446175967846213,0.9846061387252218,0.44244386794095536,1.0,0.024757771570371335,0.5089954753258819,6.610696135189607e-05,0.0010208817673961592,0.017954576473097093,0.9999338930386481,0.18897313272324684,0.46500713721092984,0.5407171517598148,0.33328596440618374,0.749878574345462,0.23196738916676246,0.13860746633958784,0.17219207454685753,0.6354946874734195,0.08311285739471014,0.7494826210256148,0.4737042089920087,0.015871225198961437,0.09983381486528517,0.0,0.13526126293260887,0.0,0.01271740831107489,0.295927497280145,0.23555594115814918,0.06271243956662453,0.028688513417597365,6.610696135189607e-05,0.0019666195297245426,6.610696135189607e-05,0.05714130142748532,0.43236338540459085,0.2495447881774701,0.17180387100354816,0.0,0.0010581575259245909,0.07840978950869168,0.0,0.17513655881741602,0.36358752122183996,0.8709409011622111,0.7357044254562527,0.01539386127477818,0.42229486912643577,0.0,0.1354212694298496,0.0012568857878777141,0.007692403620997172,0.0048221124652068625,6.610696135189607e-05,0.16819793327421767,0.21129064570379513,0.09793567333196272,6.610696135189607e-05,0.729990327817493,0.0005766374770679081,0.3694679572623111,0.861392252283073,0.4299979195308079,0.27266138663548883,0.3500520617478707,0.051933444909891456,0.07382161913175093,0.0,0.0,0.0,0.0,0.0
6.610696135189607e-05,0.014842811839162827,0.004720603103227605,0.0007671501100379595,6.610696135189607e-05,0.9999494031898032,0.1777873025559327,0.009291522567989775,0.001919378725499633,0.9999360380863199,0.0,0.22996014797058717,2.3591017266441464e-07,0.4009550874965948,0.014332862874000433,0.5695469076917425,0.022835175936275508,0.08895910502780505,0.1130777072421412,0.1642642299876898,0.9845584353148378,0.44230439861610293,1.0,0.024740590710819618,0.508332076653593,6.610696135189607e-05,0.0009855938870384176,0.017945693119414248,0.9999338930386481,0.18903031016493746,0.465401076211079,0.5434714489776646,0.3330848113394957,0.7495490609173231,0.23156973912304896,0.13877577568232033,0.17186333124220263,0.635202705006918,0.08275308777733939,0.7496969296323859,0.47407431239343933,0.015843522821778883,0.09999525796143666,0.0,0.13535178912395054,0.0,0.01274476548990099,0.2957087007660356,0.23524098779617686,0.06268436920903797,0.028657500923964605,6.610696135189607e-05,0.0022538726645770363,6.610696135189607e-05,0.05696835990041343,0.43277626863022745,0.24998110462650014,0.17227290995277686,0.0,0.0010257911120794935,0.07955461889989496,0.0,0.1756051400919732,0.36362515387769123,0.8710787699360799,0.7357405120508735,0.015441564685162269,0.4223438122599465,0.0,0.1364543016174117,0.0012554834616610056,0.00761771342913393,0.00482157024407489,6.610696135189607e-05,0.16783280756243438,0.2111773718399184,0.09894361398955757,6.610696135189607e-05,0.7311246919609509,0.00046983445617678556,0.36619720295358704,0.861223988407507,0.4261557901491232,0.27090981321918667,0.34770000453091804,0.0518627543393655,0.07334142870106447,0.0,0.0,0.0,0.0,0.0
6.610696135189607e-05,0.014838624011935881,0.0047323317989082445,0.0007995553043036185,6.610696135189607e-05,0.9999492816497557,0.17747430443718673,0.009121394765463487,0.0020024213714846936,0.9999358622292569,0.0,0.23300970848729596,1.9882574033661652e-07,0.40484116524455394,0.01530612619320578,0.5720778761775763,0.022260608089745976,0.08904305547794712,0.11297698609426213,0.16408280481176146,0.9845151170274861,0.4421921267382953,1.0,0.02471403516154107,0.5077013965703288,6.610696135189607e-05,0.0009316170709478324,0.01793739807454168,0.9999338930386481,0.18907202233451895,0.4658654413239565,0.5462351170245924,0.33291365397622075,0.7492112812537702,0.2312035036331011,0.13894358478370789,0.1715644750776382,0.6349159223621249,0.08242210017970382,0.7498910897029591,0.47442917320506967,0.015816615236989667,0.10013342043265383,0.0,0.13542397681019613,0.0,0.012721615211930043,0.29552779382224914,0.23493966843427774,0.06266281637387043,0.028630146666991388,6.610696135189607e-05,0.0025765336000016566,6.610696135189607e-05,0.056807918173158445,0.4331878345012338,0.2504073055821582,0.17270726374361547,0.0,0.0009969347681246265,0.08062991664077802,0.0,0.1760751829078296,0.3636571155228284,0.8712063986687482,0.7357837747555848,0.015484882972513972,0.4223838964515086,0.0,0.13743600825298388,0.0012539024886191192,0.007539263656874178,0.004819568893902281,6.610696135189607e-05,0.16746186855506517,0.21110388117691373,0.09992788382909584,6.610696135189607e-05,0.732175857120399,0.0003814131640716673,0.36307952413598754,0.8610562163905519,0.4225974249096832,0.26914803480389127,0.3455000236427198,0.05177311929946526,0.0728706557941547,0.0,0.0,0.0,0.0,0.0
6.610696135189607e-05,0.014835496438553279,0.004744681905865704,0.0007753251761122173,6.610696135189607e-05,0.9999492080204717,0.17713858037187488,0.009123526232906293,0.0021556918621891638,0.9999359836554957,0.0,0.23591599882516964,1.6835826283217888e-07,0.4084048913806499,0.01635881933079592,0.5744021020223269,0.021728105779167454,0.08912338091917271,0.1128852321251999,0.16395361129156458,0.984502065042114,0.44214274146714944,1.0,0.024699977543566638,0.5070902930172043,6.610696135189607e-05,0.0008775890693500073,0.017928483854173616,0.9999338930386481,0.18911030879123694,0.46631578844519184,0.549238693006691,0.33275269993767553,0.7488516937328105,0.23086990543328983,0.13910526752248129,0.1713013997408965,0.6345750048287013,0.08212575751294122,0.7500410900908784,0.47477185045315673,0.015792811587118316,0.1002524376287763,0.0,0.13548907374545746,0.0,0.012717643134164278,0.2953842219572146,0.2346527188164981,0.06263137342826704,0.028606804137739784,6.610696135189607e-05,0.0028697636001946913,6.610696135189607e-05,0.05668637019687945,0.4335651760643037,0.25083953112541113,0.1730728088290798,0.0,0.0009711822593135106,0.08164690482883216,0.0,0.17654975509922216,0.36367437814715886,0.8713219562876818,0.7357939510796591,0.01549793495788595,0.4223681847873931,0.0,0.13838928693086497,0.0012524084182565223,0.007460043918556591,0.00481714757702261,6.610696135189607e-05,0.16713321868817946,0.21108554351118114,0.10088330062575038,6.610696135189607e-05,0.7331201614076206,0.0003087751417784837,0.3601412869124607,0.8608945641192559,0.4193225266191402,0.2674192710116705,0.34347214046473196,0.05168104903073212,0.07243039048051164,0.0,0.0,0.0,0.0,0.0
6.610696135189607e-05,0.014831876105051262,0.004758257915203988,0.0007679814838768183,6.610696135189607e-05,0.9999491101138461,0.17688071802222627,0.009085500412556005,0.0022674857843848527,0.9999359518986137,0.0,0.23865039446334452,1.4325432941826982e-07,0.4117424991475375,0.017487587066078336,0.5766119784251306,0.021220607215232168,0.08921853254923419,0.11280450281159442,0.16379752902699427,0.9844621090469762,0.4420634746398894,1.0,0.024685330596602936,0.5065213746143774,6.610696135189607e-05,0.0008301264208031194,0.01791859923776038,0.9999338930386481,0.18914188112049968,0.46674411079248396,0.5521951359682352,0.33260397835645883,0.7484611716205019,0.23055965978416149,0.13926618865677232,0.17105036447353256,0.6341974772877569,0.08184001410817228,0.7501446127876833,0.4750882570545104,0.01576979370548163,0.10034281994108034,0.0,0.13553193512527129,0.0,0.012717612413418263,0.2952362588438887,0.23434311257500276,0.06263598043046265,0.02858136434587436,6.610696135189607e-05,0.003194174712696144,6.610696135189607e-05,0.05652243693760072,0.4339137207872107,0.251289634270844,0.17342872382614521,0.0,0.0009482241648895686,0.0826189425970574,0.0,0.17705225247779738,0.3636881368316102,0.8714257034829239,0.7358596510319254,0.015537890953023882,0.42240459023483934,0.0,0.1393115669683921,0.0012195746239569785,0.007388161181625066,0.004821957127546249,6.610696135189607e-05,0.16688020817439886,0.21112119110574626,0.10178978743946596,6.610696135189607e-05,0.7339872501371899,0.0002491941086541582,0.3573612219263488,0.8607336680888983,0.4162589122140404,0.26569599304910735,0.3415480074666971,0.051582527519287186,0.0720050735646451,0.0,0.0,0.0,0.0,0.0
6.610696135189607e-05,0.014828201826146597,0.004771403631221716,0.0007986538337066372,6.610696135189607e-05,0.9999490111282485,0.17663173680425806,0.00893433347107436,0.00237032995004355,0.9999357767636873,0.0,0.24122517119748726,1.2244597201661957e-07,0.4148449676197927,0.018694354406694237,0.5786817642441715,0.020740331896063096,0.08931924242580021,0.11273061595810616,0.16364552555913026,0.9844206621041828,0.44199587267068496,1.0,0.024670334417687848,0.5059903171555566,6.610696135189607e-05,0.000789680223256375,0.0179087570915229,0.9999338930386481,0.18915690484688896,0.4670613243838153,0.5550888144309855,0.332463290645314,0.7480655493595835,0.2302873537743367,0.1394729170555678,0.17084273169279326,0.6338015674202178,0.0815857912061017,0.7502189139915031,0.47539433515696394,0.015747948253803705,0.10041331732473184,0.0,0.135560494069456,0.0,0.012719586804279677,0.2951111493930731,0.23404920046474184,0.06263349152748279,0.02856030026377024,6.610696135189607e-05,0.0035235726333452295,6.610696135189607e-05,0.05636590656073978,0.4342299353803831,0.2517339392241658,0.173757056568926,0.0,0.0009275704729402396,0.08354048882080649,0.0,0.17756154143434522,0.3636919897176014,0.8715214357880902,0.7359411571161378,0.015579337895817244,0.422443633259859,0.0,0.14020551784179214,0.001186241289642228,0.0073224939750234025,0.004825189940841185,6.610696135189607e-05,0.16663934753681678,0.21120866124393292,0.10265108914407224,6.610696135189607e-05,0.7347481426572372,0.00020051141625074986,0.3547304184592501,0.8605269604984602,0.41338473021447375,0.2639635893522815,0.33973244454972684,0.051479212678088686,0.07159443269963446,0.0,0.0,0.0,0.0,0.0
6.610696135189607e-05,0.014826023316732037,0.004783531310699664,0.0007739451313672804,6.610696135189607e-05,0.9999489379808648,0.1763583713757278,0.00894874165851757,0.0025382586139820083,0.9999359028266411,0.0,0.24366905172170072,1.0509088696272183e-07,0.41770104421951987,0.01998390323667941,0.5805829647532071,0.02029404463327327,0.08941140926359226,0.11266299937183713,0.1635437718404369,0.98441045836499,0.4419862689416119,1.0,0.024656027609718068,0.5054849107841752,6.610696135189607e-05,0.0007331374358574056,0.017898281392195133,0.9999338930386481,0.18915764458581652,0.46744293517648533,0.5579442638238252,0.3323382480828653,0.7476755523505109,0.23004685418111606,0.13968811009950247,0.1706716345602368,0.6333928346768304,0.08136732902042841,0.7502733631742561,0.4756921570795502,0.015727130416981448,0.10046906982328702,0.0,0.1355849518263263,0.0,0.012723679249475815,0.2950265076721131,0.23380280747797083,0.06260887356382552,0.028543560287963794,6.610696135189607e-05,0.0038132070927850664,6.610696135189607e-05,0.056243893534771085,0.4345192844296665,0.2521635613850955,0.17403898981445562,0.0,0.0009088900735361782,0.0844096515236342,0.0,0.17806130386490912,0.3636943548298328,0.8716098702111814,0.7359871583362761,0.01558954163501007,0.42242877923206185,0.0,0.1410325923106266,0.0011529079563088948,0.007261671913641776,0.004821786144555556,6.610696135189607e-05,0.1664210188320323,0.21133342305360187,0.10350128955517937,6.610696135189607e-05,0.7355121089577165,0.00016088626439364834,0.35224510428272765,0.8603117848096106,0.41071843114670714,0.2622136105628561,0.3380497062263644,0.0513712883275616,0.07120207882702466,0.0,0.0,0.0,0.0,0.0
6.610696135189607e-05,0.014823022845954008,0.004795650321416594,0.0007666703091963431,6.610696135189607e-05,0.9999488486997267,0.17615284462588293,0.008920969830150947,0.002671929757502909,0.9999358756229751,0.0,0.24594376536452903,9.05716326082027e-08,0.4203698055592397,0.02134902154779359,0.5823758401625385,0.01986698929989108,0.08951315906290719,0.11260548061275034,0.16341651432048657,0.9843740093804635,0.44193868043360424,1.0,0.02464271917323487,0.5050150226869405,6.610696135189607e-05,0.0006998041025240723,0.017887247096082155,0.9999338930386481,0.18915519602457304,0.46777462506443734,0.5608026178069715,0.3322109360689203,0.7472515516417898,0.22982119759010228,0.1399012235505089,0.17050713098625597,0.6329291351533588,0.08115812202389326,0.7502765540339332,0.47596222553421386,0.015706279249309483,0.10050136083802673,0.0,0.1355929003493072,0.0,0.01272783145872704,0.29493307026522386,0.23352966170616693,0.0626250037737114,0.028525664386488896,6.610696135189607e-05,0.004121083005762915,6.610696135189607e-05,0.05609431947119794,0.434788318218703,0.2526196923198375,0.1743178836537089,0.0,0.0008919134739990694,0.08524824270194703,0.0,0.17859136119159819,0.3636968044543629,0.8716882401379402,0.7360821248414867,0.01562599061953654,0.4224684192170885,0.0,0.1418465864543185,0.001118118535784744,0.007221041416696638,0.004825782963855232,6.610696135189607e-05,0.16619910582057087,0.2113904632467773,0.10424554760648047,6.610696135189607e-05,0.7361409177806292,0.0001287560383728014,0.3499171533916598,0.8600986858778584,0.4082311499805053,0.26047360059690056,0.3364660378135683,0.05126509547457755,0.07082781094851609,0.0,0.0,0.0,0.0,0.0
6.610696135189607e-05,0.014819749977088875,0.004806409696318554,0.0007975124472864388,6.610696135189607e-05,0.9999487671854581,0.17595446993629216,0.008780424988958218,0.002776741261974507,0.9999357072798497,0.0,0.24808101652508263,7.837168836222487e-08,0.4228498102039194,0.022790640477391707,0.58405055699624,0.019462011938397087,0.0896177759522027,0.11255370871487387,0.16329390753996934,0.984336482096701,0.4418975213152047,1.0,0.024631095070072977,0.5045756254993023,6.610696135189607e-05,0.0006641372872838925,0.017876168161446344,0.9999338930386481,0.18913528090760215,0.4680454665983612,0.5633602978505264,0.3320964417632414,0.7468527587632708,0.22961746115527595,0.14011430459343735,0.170362200372183,0.6324627286223594,0.08096863735225492,0.7502723776516961,0.4762188479538206,0.015685724193350157,0.10052082886723898,0.0,0.13559126346861344,0.0,0.0127325010532285,0.2948584776824849,0.23328279313751704,0.06262545305012233,0.02851062186835307,6.610696135189607e-05,0.004437498995391902,6.610696135189607e-05,0.05594765587363156,0.4350290807193001,0.2530444324187102,0.17456344959992462,0.0,0.0008759991424884877,0.08603580272082934,0.0,0.17910898913209597,0.36369284224396925,0.871760567091776,0.7361852635927917,0.015663517903299038,0.4225112152161819,0.0,0.1426381352911947,0.001094715100821672,0.00718009130066257,0.0048255769905654585,6.610696135189607e-05,0.16597441202490076,0.2114778700504498,0.1049260198206801,6.610696135189607e-05,0.736683995558584,0.00010280881801896039,0.3477380727197168,0.8598856170348743,0.40591199028140906,0.25871082817941954,0.33498080565150523,0.05115662127781083,0.07047053385000743,0.0,0.0,0.0,0.0,0.0
6.610696135189607e-05,0.014817784341774708,0.004815900904172825,0.0007729687462308609,6.610696135189607e-05,0.9999487113983325,0.17572675633658472,0.008804410531093503,0.002968473601836762,0.9999358396631044,0.0,0.2501105226579486,6.806145549925484e-08,0.4251317756489255,0.024312207280681935,0.5855852477828419,0.019085955189238883,0.08971113830510644,0.1125064286918597,0.16322053988086924,0.984330381504758,0.44190744155704476,1.0,0.024620341556360482,0.5041537022890161,6.610696135189607e-05,0.0006409637917326146,0.017864987287137202,0.9999338930386481,0.18910987781511077,0.46828442115569957,0.5657389861604848,0.3319826971164218,0.7464648323786168,0.22943390837199293,0.14030589564122806,0.17023666769747184,0.631975572078799,0.08080490441433293,0.7502553883953658,0.47646397457265244,0.015665654157072533,0.10053106940003044,0.0,0.1355902500714115,0.0,0.012738185803549547,0.29481798387933544,0.23307696211311374,0.06260626054869449,0.028500062142365775,6.610696135189607e-05,0.00471529325819544,6.610696135189607e-05,0.05584310086217884,0.43524845309144544,0.25345325820440817,0.174766072954201,0.0,0.0008611510940603461,0.08677901456267878,0.0,0.17961309258514788,0.3636929384034023,0.8718279171510678,0.7362483907191003,0.015669618495241955,0.42250230837154373,0.0,0.14339607453454373,0.001068154499888966,0.007141217225428005,0.00481959359054418,6.610696135189607e-05,0.16577473388606845,0.2115883497143861,0.10559752454339201,6.610696135189607e-05,0.7371694412994794,8.19094169749649e-05,0.3456894960158576,0.8596940362973164,0.40377040555954224,0.2569332060778403,0.33360984780282504,0.05104556383024751,0.07013194871883877,0.0,0.0,0.0,0.0,0.0
6.610696135189607e-05,0.014815186494638075,0.004825445734366085,0.0007992181898035198,6.610696135189607e-05,0.9999486360685679,0.17555104406931485,0.008688434451484239,0.0031056200151418608,0.9999356713777948,0.0,0.25200016272295095,5.9331545654854336e-08,0.42728546368199516,0.025902433098518376,0.587052368363603,0.018725413799076735,0.08981288204830261,0.11246715108742258,0.16312032318292996,0.9842976992512953,0.44187507426859784,1.0,0.024611147364508902,0.5037670485662108,6.610696135189607e-05,0.0006216324107815612,0.017853622878975326,0.9999338930386481,0.1890760818858813,0.4685657766990272,0.5676987725321713,0.33188349813894,0.7461004056797281,0.22925676469381376,0.140492095894465,0.17010926234895063,0.6314825256227914,0.08064158791929954,0.7502346084825885,0.47667586125080025,0.015644781300327197,0.10052737604780555,0.0,0.13557806115807572,0.0,0.012743444777093835,0.29476164390643617,0.2328633739609047,0.06261390628062208,0.028487067008326872,6.610696135189607e-05,0.00502229221553078,6.610696135189607e-05,0.055694756665802,0.4354482612328865,0.25383447338992526,0.17497629451620142,0.0,0.0008473069850185507,0.08748432499793007,0.0,0.1801066829740317,0.3637009602390816,0.8718880676122502,0.7363523007692645,0.015702300748704656,0.42254686457332646,0.0,0.14412702452816067,0.001050963437286343,0.007105678226443927,0.004817105080668399,6.610696135189607e-05,0.16556261343158213,0.21169400745636732,0.10621424418645045,6.610696135189607e-05,0.7376071748350866,6.512093034665213e-05,0.34376677806703393,0.8595078447739893,0.40175796698403565,0.2551307162807602,0.33230604371709754,0.050933294744303026,0.06981029646181537,0.0,0.0,0.0,0.0,0.0
6.610696135189607e-05,0.014813645428665504,0.004833759467362444,0.0007734873218048171,6.610696135189607e-05,0.9999485903430417,0.17534902414805184,0.008723420428085778,0.003317383091112692,0.9999358055070865,0.0,0.2537948715453686,5.189493803183897e-08,0.42927677693444555,0.027565133004762207,0.5884042001118405,0.018390143463326243,0.08990522886368185,0.11243174658691724,0.16306204856735887,0.9842919221060357,0.4418909262002743,1.0,0.024603075555135575,0.5033943923693506,6.610696135189607e-05,0.0005838602191349811,0.017843700551409224,0.9999338930386481,0.18903206690433702,0.4688916202009835,0.5696625867790877,0.33180144110212323,0.7457675986781797,0.22909394599266855,0.14065923101488134,0.1699965420931228,0.6309786511495094,0.08049744971466842,0.7502202524507614,0.47687602242036614,0.01562441566877279,0.1005210153461117,0.0,0.13556965037485902,0.0,0.012749408712052478,0.29473643690524365,0.23269111826834987,0.06259306183281833,0.028479872345627318,6.610696135189607e-05,0.005298088299439679,6.610696135189607e-05,0.05557542387333634,0.4356278599784549,0.254180730488176,0.17515180181358236,0.0,0.0008343136341148759,0.08814482828261486,0.0,0.18057001614743126,0.3637122120475446,0.87194383774431,0.7364169360865295,0.015708077893964358,0.42253942342486667,0.0,0.14482509714546815,0.0010346599021515749,0.007072719149083844,0.004807500422340776,6.610696135189607e-05,0.16535812971543876,0.2117937762974047,0.10681345781364329,6.610696135189607e-05,0.738012758305781,5.1670833644404415e-05,0.34195938064838055,0.8593407170901807,0.39989236733831673,0.2533113875631137,0.33109835017349104,0.050819587938481056,0.06950653666840738,0.0,0.0,0.0,0.0,0.0
6.610696135189607e-05,0.014811062077228532,0.004842033350409107,0.0007994895511210383,6.610696135189607e-05,0.9999485248602245,0.17519516574968966,0.008614680084240125,0.003444477150373414,0.9999356397059819,0.0,0.2554629863943355,4.554978005390035e-08,0.4311647635331406,0.02928620310637758,0.5897031971741815,0.018068241363775973,0.09000579150839647,0.11240241332837111,0.16297449652997956,0.9842592984581297,0.4418626418517353,1.0,0.0245956179738745,0.5030477599961269,6.610696135189607e-05,0.0005585618939604451,0.017833582670192864,0.9999338930386481,0.18899298273771742,0.46920971937520634,0.5717394298181057,0.3317207920889409,0.7454160992706984,0.22893528889082548,0.14081718756607106,0.1698802118382415,0.6304225843924212,0.08035221887259869,0.7501760607549396,0.4770490309986718,0.015603698975926462,0.10050150970727606,0.0,0.13555155915448683,0.0,0.012754569556908235,0.2946946835387919,0.2324860636185498,0.06261109438442072,0.0284378660685746,6.610696135189607e-05,0.005585595247782262,6.610696135189607e-05,0.05553510304701505,0.4358180494169536,0.25454297952459365,0.17533894066932965,0.0,0.0008221151958347551,0.08878783205584857,0.0,0.18104844880949295,0.3637279358457192,0.8719938876957024,0.7365239937627445,0.015740701541870388,0.4225857989937779,0.0,0.14551023897205176,0.0010197333808127412,0.007042994136460095,0.004805967039133063,6.610696135189607e-05,0.1651579965234561,0.21187547937356568,0.1073386774240801,6.610696135189607e-05,0.7383479958436456,4.092120470789877e-05,0.34026278404550947,0.8591827668841489,0.3981329094327831,0.25150338044535275,0.3299445839532199,0.05070724907179142,0.06921724164721264,0.0,0.0,0.0,0.0,0.0
6.610696135189607e-05,0.014809191255379744,0.004849198267687608,0.0007737170347263079,6.610696135189607e-05,0.9999484886314469,0.17501300369192968,0.008654354346583047,0.003670386236829628,0.9999357754514165,0.0,0.25705166556166364,4.0105048503673726e-08,0.4329159797692106,0.031067200744060657,0.5909036408179058,0.017768810535525946,0.09009494407528888,0.11237217531662626,0.16292373697604023,0.9842534328585295,0.44187714110664644,1.0,0.024588760555145518,0.5027065891594358,6.610696135189607e-05,0.0005483109774462076,0.017828698910589146,0.9999338930386481,0.1889467800600767,0.46937769445166566,0.5735235912642918,0.3316380674184132,0.7450740001196445,0.22879351843865303,0.140968127627327,0.1697830254645919,0.6298448164038701,0.0802265344969442,0.7501350686093884,0.4772167575128379,0.015582940243117762,0.10047584395849977,0.0,0.13553215948831826,0.0,0.012760282085588692,0.2946756559965328,0.2323175023792727,0.06259366809141541,0.02842035128551575,6.610696135189607e-05,0.005839359534945162,6.610696135189607e-05,0.05547239256624212,0.43599220237719294,0.25489365094981065,0.1754941185837894,0.0,0.0008106339913459018,0.08939948959270003,0.0,0.18150205411867662,0.36374612202456186,0.8720448844402561,0.73660041906546,0.01574656714147053,0.42259069940503524,0.0,0.1461411711605397,0.0010068029361439252,0.006982543861132836,0.0047978851451125105,6.610696135189607e-05,0.16497769485534466,0.2120933717236799,0.10790577335326205,6.610696135189607e-05,0.7387959930585145,3.234893054484081e-05,0.33866069741589383,0.8590318322676245,0.39649036077485156,0.2496884932593692,0.32886982468514997,0.050594066736409114,0.06894217638731148,0.0,0.0,0.0,0.0,0.0
6.610696135189607e-05,0.01480648357115816,0.004857576100800279,0.0007996809934459026,6.610696135189607e-05,0.9999484239450592,0.1748706423092864,0.008549535270072786,0.003808126849866903,0.9999356080727858,0.0,0.25851944614139616,3.542230267515605e-08,0.43460260832808206,0.03288831911967858,0.5920723692484438,0.017480119583268335,0.09018979839201922,0.11234534934758691,0.16284162772467484,0.9842207667927767,0.4418475330905114,1.0,0.02458307558452023,0.5024047884201337,6.610696135189607e-05,0.0005383176814005303,0.01782207498640324,0.9999338930386481,0.18889613919007736,0.46960414921717675,0.5748802070002533,0.3315671891985566,0.7447638364510182,0.22864961751522603,0.14110696228675948,0.16967717662615092,0.6292617890702812,0.08009441178455974,0.7501031801883932,0.4773555730028233,0.01556107823026419,0.1004409671956169,0.0,0.13550281674507422,0.0,0.012765262988311528,0.29463273335445433,0.23214182962060795,0.06259853440126217,0.028405405322220988,6.610696135189607e-05,0.006103154379146718,6.610696135189607e-05,0.05536625625690515,0.4361522028961829,0.2552106462301362,0.17568305109052446,0.0,0.0008004610136062787,0.08999132659537681,0.0,0.1819316409415326,0.3637745161493129,0.8720935724221489,0.7367174050797083,0.015779233207223298,0.4226496501644144,0.0,0.14676355410601932,0.0009960669618250524,0.006942075573718695,0.0047920930393282515,6.610696135189607e-05,0.16476484451382625,0.21221899682507755,0.10848849570285869,6.610696135189607e-05,0.7391865923537878,2.5517318845660344e-05,0.33714788525285344,0.8588930022909378,0.39491975403216073,0.2478585652146634,0.3278332189669966,0.0504850592868059,0.06868011245584468,0.0,0.0,0.0,0.0,0.0
6.610696135189607e-05,0.014804787972068481,0.0048646296150946155,0.0007740274779114169,6.610696135189607e-05,0.9999483929439416,0.1746969681927543,0.008592329069650751,0.004032801489200662,0.9999357443712362,0.0,0.25992309165941196,3.137467859010152e-08,0.4361753507931769,0.03475292953276688,0.593156312796074,0.0172119527658652,0.09027469137748262,0.11231924315264519,0.162799246255956,0.9842158356772873,0.44186885548245786,1.0,0.024578424390054487,0.502116225691661,6.610696135189607e-05,0.000527284509047045,0.01781529353722743,0.9999338930386481,0.18884363175148006,0.4698013632875534,0.5761577175362561,0.3315013525029075,0.7444877269725405,0.2285145564860035,0.14123898331369933,0.16958638091785072,0.6286758072962545,0.0799787634291464,0.7500854743489731,0.4774871130422578,0.015539461733878596,0.10040733399250824,0.0,0.13547962480855566,0.0,0.012770745631872386,0.29461966942542256,0.23200481230668527,0.06257516274897117,0.028397397374150136,6.610696135189607e-05,0.006339144169806821,6.610696135189607e-05,0.05529854298513613,0.4362919241501961,0.2554921820168167,0.17584508864514348,0.0,0.000791110282113024,0.09054897687827475,0.0,0.18232595256867012,0.36380697557480124,0.8721412951134763,0.7367934197515358,0.015784164322712717,0.42265151970898657,0.0,0.14733223665431922,0.000981074431151707,0.006910900809391982,0.004778739058007026,6.610696135189607e-05,0.16457617983975154,0.21232304687902037,0.10907670461858364,6.610696135189607e-05,0.7396135835139735,2.009101064276887e-05,0.335717263209441,0.8587609853116221,0.3934471580068594,0.2460222862927039,0.32686492377477966,0.050376620316491635,0.06843122000545832,0.0,0.0,0.0,0.0,0.0
6.610696135189607e-05,0.014802334988499156,0.004871449103993329,0.0007667424689740983,6.610696135189607e-05,0.9999483455075799,0.17457321923292632,0.00858736769993371,0.004195184626835517,0.9999357275416559,0.0,0.2612214214009236,2.787130673495289e-08,0.4376711748150781,0.03663927248947464,0.5941998736507867,0.016953522836623016,0.09036702343052475,0.11229680838370072,0.1627266279627402,0.9841846207998518,0.4418460466192089,1.0,0.024575089588456108,0.5018563530541323,6.610696135189607e-05,0.0005220445873385951,0.017807806442706662,0.9999338930386481,0.18879399507515462,0.47002275114026115,0.5772539460131156,0.3314428124858655,0.744227966108973,0.22837752330814926,0.14137143782771966,0.16948995846428447,0.628076428093871,0.07985860384990959,0.7500674023477334,0.4775919530834701,0.01551699987992698,0.100366943529663,0.0,0.13545043462105644,0.0,0.01277544653485785,0.2945883309173043,0.2318462671896411,0.06258270544069094,0.02838793226773496,6.610696135189607e-05,0.006607813839391185,6.610696135189607e-05,0.05520635263572015,0.4364159523430966,0.25575624062160907,0.1760220002225518,0.0,0.0007824044935819823,0.09108728145849226,0.0,0.18270751437658234,0.3638455371766376,0.8721861917363724,0.7369064285075969,0.01581537920014817,0.42270351875973466,0.0,0.14789970584294582,0.0009577686990718764,0.006885477290712046,0.004770214072201367,6.610696135189607e-05,0.1643918932270688,0.2124144952576418,0.10956174373782403,6.610696135189607e-05,0.7399987167871624,1.5793269417969694e-05,0.33437905506837545,0.8586285343009736,0.39205646222705537,0.24419701795816218,0.3259415224993037,0.05027156043906133,0.06819548630936763,0.0,0.0,0.0,0.0,0.0
6.610696135189607e-05,0.014799594656508774,0.004877311618802679,0.0007979059643485845,6.610696135189607e-05,0.9999483024502883,0.17444124062972163,0.008470469454114499,0.004286420508252826,0.9999355674554742,0.0,0.2624442911540051,2.482866126580351e-08,0.4390827876215519,0.03854192583605542,0.5951910728501892,0.016708104692265434,0.09046015438865908,0.11227387766709235,0.1626542011694129,0.9841528461147038,0.44182461322663186,1.0,0.024572573797577567,0.5016140689063803,6.610696135189607e-05,0.0005159040252324251,0.01780081630331285,0.9999338930386481,0.1887410294198909,0.4701900976006265,0.5782341297436342,0.33139271898063755,0.744000043193173,0.22825101173159246,0.14151514508336413,0.1694069161280133,0.6274803974562058,0.07974997731957716,0.7500622920346753,0.4776859703200037,0.015494463297118557,0.10032704194812793,0.0,0.1354213876351541,0.0,0.012779807149333402,0.29456445925350255,0.23169805151501208,0.06258007999265193,0.02838114159292418,6.610696135189607e-05,0.006887199826085347,6.610696135189607e-05,0.0551242579477518,0.43652217169067903,0.2559875603498088,0.1761890021850973,0.0,0.0007741781706964728,0.09159791704198995,0.0,0.18306218086909584,0.36388396189232486,0.872231659035789,0.7370187568824592,0.01584715388529618,0.42275399913821404,0.0,0.14845279163572325,0.0009541254581252475,0.006863689418389469,0.0047594817594120795,6.610696135189607e-05,0.16417309656080803,0.21248084200682918,0.10997378792602057,6.610696135189607e-05,0.7403248825138112,1.2396457018180498e-05,0.3331156949293051,0.8584848300879746,0.3907361180797383,0.2423797596657489,0.3250589498302336,0.050167422403963366,0.06796991339901233,0.0,0.0,0.0,0.0,0.0
6.610696135189607e-05,0.01479824828995871,0.004882127004336433,0.0007738386555510196,6.610696135189607e-05,0.999948284325556,0.17427444739188436,0.008513361220238337,0.004530087047072773,0.9999357080321466,0.0,0.2636270144238425,2.217407200074817e-08,0.4403901807328656,0.04046105827238944,0.5961010564782122,0.016481991266223663,0.09054095434900425,0.11224945110366062,0.1626258041892266,0.9841534425511412,0.44185328962421894,1.0,0.0245707935889591,0.5013755394839051,6.610696135189607e-05,0.0005088253044328474,0.017793737474643585,0.9999338930386481,0.18869125624607697,0.47036301189004776,0.5791509601527536,0.3313471304141088,0.7437929288053732,0.22813224747892974,0.14163026257372394,0.1693314890986524,0.6268816047969653,0.07965667761538928,0.7500660611319503,0.4777752907519868,0.015472115855964027,0.1002899928611452,0.0,0.13540069098482452,0.0,0.012784839409712015,0.29456689742036596,0.23158461069965572,0.06255628907252152,0.028377183069862567,6.610696135189607e-05,0.007129322256658719,6.610696135189607e-05,0.055078636028644226,0.43661643036997905,0.2561973543552359,0.1763214336914392,0.0,0.000766370679829436,0.0920773248169685,0.0,0.183388959678041,0.36392725278424887,0.8722784330403753,0.7370842029496282,0.01584655744885879,0.4227460193909565,0.0,0.14897561148872757,0.0009477379558748562,0.006844870905496281,0.004743147038285424,6.610696135189607e-05,0.16397485220522395,0.21253024591098849,0.11041162589663663,6.610696135189607e-05,0.74063776900997,9.716839390946815e-06,0.3319193044057886,0.8583697152522041,0.3895119594886526,0.2405800121136768,0.32424226590639854,0.050062987923785066,0.06775650211476003,0.0,0.0,0.0,0.0,0.0
6.610696135189607e-05,0.014796295374641296,0.004887176512798599,0.000767122646924064,6.610696135189607e-05,0.999948251039595,0.17416162879316882,0.008511922782804123,0.004684024401441213,0.9999356952019035,0.0,0.2647268957373345,1.9857290537170974e-08,0.4416480615479093,0.04237103125046444,0.5969910519321148,0.016264177184973708,0.09062917792717301,0.11222791936210244,0.16256612370564913,0.9841273851716072,0.4418354632918337,1.0,0.024569777096604316,0.501157582115379,6.610696135189607e-05,0.0005031374538516127,0.017786751309055642,0.9999338930386481,0.18864497318215342,0.47057525554893714,0.5799399078321491,0.33131070319682226,0.7435934375589263,0.2280115200031597,0.14173862760539874,0.16924560974188177,0.6262756324570625,0.0795553941881248,0.7500684575265546,0.47784180846962226,0.01544890742055437,0.10024754664039805,0.0,0.1353744839781627,0.0,0.012789067733047511,0.2945465651027707,0.23144743550259136,0.0625648674239542,0.028370405906462788,6.610696135189607e-05,0.007396978420769239,6.610696135189607e-05,0.05500174922616181,0.43670205139648,0.25639895591480627,0.17647094716376466,0.0,0.0007589576087062501,0.09254377752025748,0.0,0.18370774746323063,0.363975567665343,0.8723231732173432,0.7371863296539528,0.015872614828392705,0.4227900527300037,0.0,0.14947820208427218,0.0009369020515732189,0.006828657685151994,0.004733027908993361,6.610696135189607e-05,0.1637904398097748,0.21257781339771256,0.11076720541542064,6.610696135189607e-05,0.740947103276206,7.606526267504225e-06,0.3307906370957412,0.8582613525373107,0.38834737110150264,0.23880955877221563,0.32345355387976044,0.049959617825241096,0.06755344593786176,0.0,0.0,0.0,0.0,0.0
6.610696135189607e-05,0.014794064244988914,0.004891604082891393,0.0007984960001163639,6.610696135189607e-05,0.9999482165468297,0.17404368861228833,0.00840051074426649,0.004769806149981276,0.9999355373017352,0.0,0.2657652969356464,1.782760665958121e-08,0.4428383687909869,0.04426538719785687,0.5978373101011167,0.016057395124258328,0.090717628482161,0.11220547643939377,0.1625046602755955,0.9841000826029894,0.44181647827515935,1.0,0.0245692780085719,0.5009516501579533,6.610696135189607e-05,0.0004985902234381074,0.017780658137149703,0.9999338930386481,0.18859693281049186,0.4707174447197728,0.5807131653720402,0.3312793927648815,0.7434121082961817,0.2278991995299823,0.1418496260173042,0.16916749066213677,0.6256696845613295,0.0794610047328889,0.750076719389439,0.4779026738218247,0.015425724378772168,0.10020629716266719,0.0,0.13534832672606464,0.0,0.012792952197267034,0.29453080117806524,0.231315230133689,0.06256541061146371,0.028365907929422934,6.610696135189607e-05,0.007668954130855434,6.610696135189607e-05,0.05493675837591948,0.43677573817438015,0.25658194426446274,0.17661086918814256,0.0,0.0007518250344367224,0.09298921292684974,0.0,0.18400793048947944,0.36402015386121744,0.8723687991818341,0.7372890425617373,0.015899917397010594,0.422835194998776,0.0,0.14996087675006708,0.0009185645482414304,0.0068135512137811865,0.004721971180005085,6.610696135189607e-05,0.16362635794507535,0.21263699311937387,0.11111548588037322,6.610696135189607e-05,0.741248317312976,5.947439355598126e-06,0.3297246343462288,0.8581503561550892,0.38724231551243954,0.23707571531396382,0.32270168516599435,0.04985795499682327,0.06735954383479685,0.0,0.0,0.0,0.0,0.0
6.610696135189607e-05,0.014793437581932297,0.0048952639797509,0.0007746124773118418,6.610696135189607e-05,0.9999482054408402,0.17389141542665043,0.008447765102306319,0.005024998740641494,0.9999356795124575,0.0,0.2667683757971259,1.6040124958197128e-08,0.44393107340401916,0.04614372083786897,0.5986057316728786,0.015867326962837304,0.09079199733514282,0.11218117268045733,0.16248504863517862,0.9841045535097694,0.44184763818386585,1.0,0.02456900682576484,0.500752378301773,6.610696135189607e-05,0.0004949895981447548,0.017774263129030105,0.9999338930386481,0.18855003472388926,0.470843529554928,0.5814177135031258,0.33124962734852226,0.7432457262318917,0.22780225549347694,0.14196954650940116,0.16911006285583177,0.625073766641703,0.0793856836466098,0.7500912336806171,0.47796488174256274,0.015402755920324777,0.10016859584871089,0.0,0.1353299308761658,0.0,0.012797522093094258,0.2945408756651961,0.23121811801554829,0.0625434902777516,0.02836330524441531,6.610696135189607e-05,0.007931030474995509,6.610696135189607e-05,0.05490403837511871,0.4368349814853493,0.2567496288017957,0.17672005750782344,0.0,0.0007449965982776682,0.09340675220749702,0.0,0.1842840037503082,0.3640671187736097,0.8724160713992178,0.7373463555161105,0.015895446490230523,0.42282243093996835,0.0,0.15042079850810075,0.0008868220742473358,0.006798078810350656,0.0047053147586281815,6.610696135189607e-05,0.16349516814726117,0.21273016121453436,0.1114733879163254,6.610696135189607e-05,0.7415535303510162,4.644966312639645e-06,0.32870931120157376,0.8580304374504739,0.3862138671418714,0.23537576031293106,0.32200858468051163,0.04975743560623738,0.06717600214868469,0.0,0.0,0.0,0.0,0.0
6.610696135189607e-05,0.01479223181279597,0.004899357656660431,0.0007679554548717518,6.610696135189607e-05,0.9999481779885225,0.17378963774266384,0.008450533538455455,0.0051666852303546345,0.9999356687119503,0.0,0.2676937006443765,1.4466089349517165e-08,0.4449849175466526,0.04797877367955055,0.5993604408218604,0.01568363339118124,0.09087261788807083,0.11215917146980992,0.16243265596120504,0.984081851644209,0.4418318083270238,1.0,0.024569247826779127,0.5005744372624708,6.610696135189607e-05,0.0004925073990148125,0.017767976978320985,0.9999338930386481,0.18850267901510506,0.4710152354117716,0.5819755731305348,0.33122794128027455,0.7430857718560113,0.22771003848218513,0.1421080706000598,0.16905204156865522,0.624487663950084,0.0793074542656604,0.7501046912644774,0.47800958026452905,0.015379141454412174,0.10012756470029374,0.0,0.13530635250356873,0.0,0.012801432844070136,0.29452768962730674,0.23109347103733616,0.06255356549632543,0.02835805809545336,6.610696135189607e-05,0.0082114127413873,6.610696135189607e-05,0.05483876846617037,0.43689043779348485,0.25691060440424884,0.17685123907714398,0.0,0.0007385014870315691,0.09381657582023067,0.0,0.18455262180335089,0.36411735218336594,0.872461687075778,0.7374397793385012,0.015918148355790966,0.42286183916940745,0.0,0.15086485148935458,0.0008862217745419878,0.006782883781619204,0.0046948637062507815,6.610696135189607e-05,0.16329566629891937,0.21279388917953926,0.11177532113784022,6.610696135189607e-05,0.7418215731940565,3.6237397398424204e-06,0.32774502179629444,0.8578919149338509,0.38522453939766066,0.23371698655013484,0.32133210491247916,0.04965905354099051,0.06700044966403416,0.0,0.0,0.0,0.0,0.0
